0.148842 0.135769 0.347568 0.837487 0.855882
0.137481 0.640149 0.152923 0.855065 0.347838
0.842977 0.350441 0.341333 0.149367 0.353472
0.156638 0.646812 0.146753 0.852574 0.351663
0.148989 0.155271 0.355201 0.846629 0.857123
0.847929 0.659271 0.839291 0.152069 0.648178
0.1524 0.152154 0.343607 0.845962 0.855347
0.849218 0.658831 0.840534 0.149741 0.650731
0.147383 0.137194 0.355115 0.854963 0.846404
0.848537 0.649235 0.845639 0.859317 0.156533
0.159884 0.641066 0.863312 0.143312 0.646309
0.848948 0.652153 0.85243 0.86285 0.1465
0.84814 0.344689 0.351357 0.151225 0.330074
0.850757 0.348475 0.362356 0.14696 0.346532
0.150119 0.154598 0.350908 0.84486 0.854285
0.152779 0.642392 0.858434 0.154882 0.649854
0.153819 0.640648 0.149496 0.849269 0.349336
0.150108 0.648456 0.854649 0.161316 0.649911
0.855299 0.352302 0.353106 0.155385 0.351598
0.142881 0.149652 0.353762 0.846666 0.844986
0.652451 0.851262 0.844088 0.152441 0.136678
0.154205 0.637692 0.153357 0.850828 0.346566
0.146535 0.648223 0.850902 0.151999 0.648741
0.653825 0.844862 0.855653 0.157422 0.143361
0.84539 0.656876 0.844741 0.14971 0.657033
0.847521 0.652292 0.847051 0.151877 0.638319
0.645365 0.856877 0.854228 0.140307 0.159852
0.855879 0.354816 0.335194 0.143921 0.354492
0.841877 0.350588 0.352326 0.14632 0.345208
0.65337 0.852996 0.85101 0.145709 0.152843
0.151452 0.650272 0.842544 0.155805 0.657427
0.154755 0.644532 0.858424 0.144576 0.639001
0.650163 0.849292 0.851041 0.151482 0.15458
0.861439 0.651084 0.859778 0.15017 0.647415
0.855525 0.654866 0.849956 0.150223 0.647281
0.844506 0.664987 0.841888 0.840614 0.15176
0.152528 0.155171 0.345086 0.847978 0.846852
0.853663 0.645438 0.855775 0.852716 0.148688
0.155255 0.653046 0.140534 0.852671 0.343632
0.143538 0.645442 0.152621 0.841664 0.351479
0.138155 0.654015 0.851727 0.161744 0.658241
0.649333 0.851201 0.847478 0.150983 0.149752
0.150363 0.143166 0.357408 0.850531 0.838164
0.84562 0.348011 0.352535 0.149208 0.358839
0.158006 0.646928 0.847502 0.146099 0.644932
0.14345 0.649322 0.150186 0.852846 0.340109
0.846774 0.649783 0.845419 0.838308 0.151441
0.843312 0.651717 0.837418 0.15485 0.655346
0.852486 0.650166 0.850543 0.858594 0.156258
0.855759 0.655899 0.851395 0.853054 0.157912
0.850144 0.644142 0.847182 0.149709 0.649928
0.152828 0.65293 0.849006 0.145919 0.655538
0.150002 0.640737 0.159787 0.855146 0.341301
0.842606 0.647671 0.849471 0.8472 0.155718
0.854836 0.657946 0.857048 0.841772 0.141502
0.650831 0.850446 0.852474 0.145303 0.153408
0.859854 0.651988 0.845913 0.848998 0.153304
0.152169 0.146769 0.358031 0.850859 0.856948
0.650389 0.84187 0.84507 0.144574 0.140923
0.848018 0.644275 0.840957 0.846169 0.152356
0.844761 0.347609 0.348178 0.156719 0.334023
0.163304 0.654772 0.15021 0.846522 0.345935
0.84595 0.651204 0.85545 0.156111 0.652164
0.146285 0.650458 0.856501 0.152382 0.653488
0.859355 0.353681 0.358399 0.158625 0.352075
0.144643 0.651624 0.856486 0.146685 0.658322
0.1431 0.153314 0.354433 0.841389 0.845457
0.643966 0.853461 0.849501 0.148099 0.150809
0.149237 0.650684 0.854087 0.15143 0.649985
0.160292 0.646855 0.142716 0.851657 0.36002
0.859215 0.341029 0.353787 0.152194 0.336106
0.861118 0.355665 0.351137 0.158651 0.337091
0.155889 0.645609 0.14721 0.858943 0.339903
0.842914 0.65134 0.852307 0.148447 0.650258
0.150724 0.650941 0.147307 0.843768 0.344956
0.149446 0.655274 0.155899 0.846065 0.350274
0.144901 0.150083 0.359493 0.851716 0.854972
0.848642 0.357716 0.357778 0.132703 0.358448
0.644012 0.838185 0.849558 0.139586 0.143625
0.142223 0.64156 0.153234 0.860262 0.361283
0.141846 0.657258 0.154652 0.853034 0.354868
0.848537 0.652049 0.849603 0.156818 0.636722
0.142964 0.647665 0.85092 0.156676 0.651107
0.654512 0.839152 0.847861 0.161944 0.152207
0.854774 0.357592 0.361814 0.146172 0.357698
0.848817 0.649744 0.842191 0.139148 0.65611
0.860421 0.657796 0.858191 0.832458 0.155439
0.839612 0.646678 0.853413 0.156346 0.651563
0.848652 0.649932 0.838474 0.85982 0.141705
0.848101 0.349615 0.349017 0.145095 0.345849
0.842643 0.648541 0.844249 0.151092 0.640485
0.145864 0.1459 0.343624 0.855068 0.848609
0.845171 0.360627 0.354847 0.160901 0.347668
0.154051 0.156848 0.344997 0.84989 0.842392
0.636673 0.840243 0.848961 0.148207 0.157464
0.844998 0.644797 0.851506 0.846955 0.159665
0.841115 0.649306 0.853741 0.14032 0.64024
0.148291 0.655974 0.846332 0.154427 0.661865
0.154716 0.648316 0.162995 0.850833 0.346606
0.652627 0.855799 0.858261 0.151444 0.16007
0.152745 0.145478 0.35413 0.854013 0.853688
0.839963 0.646863 0.849525 0.13466 0.648232
0.858522 0.655843 0.849639 0.145367 0.64434
0.842391 0.345521 0.341932 0.15972 0.361379
0.855807 0.651761 0.848205 0.837305 0.149156
0.151684 0.647901 0.154857 0.853838 0.349524
0.837747 0.663558 0.840119 0.147198 0.652925
0.854493 0.649006 0.855472 0.140169 0.643719
0.853013 0.651144 0.852316 0.854806 0.140138
0.844257 0.659356 0.847284 0.153072 0.649502
0.140552 0.163806 0.356123 0.852509 0.846616
0.85251 0.656557 0.862352 0.153799 0.647967
0.150111 0.653587 0.845037 0.14566 0.648825
0.14661 0.645466 0.157254 0.843753 0.348895
0.147771 0.644061 0.143168 0.847387 0.352849
0.847809 0.648716 0.845311 0.849049 0.145993
0.847685 0.35163 0.345736 0.141661 0.347752
0.152619 0.663093 0.150641 0.856891 0.351123
0.854035 0.662968 0.848351 0.150642 0.64501
0.855813 0.641771 0.838879 0.84228 0.141892
0.149462 0.653028 0.150648 0.844604 0.358689
0.850055 0.659722 0.844685 0.854689 0.146835
0.149809 0.655621 0.145203 0.843195 0.347167
0.849049 0.351078 0.345642 0.157558 0.353134
0.847031 0.645246 0.842795 0.846095 0.147134
0.146441 0.641557 0.849303 0.146753 0.652568
0.847482 0.653 0.843449 0.145354 0.646656
0.854366 0.653387 0.845109 0.153431 0.65611
0.851782 0.346304 0.344639 0.14189 0.33738
0.153431 0.150827 0.355728 0.856321 0.843669
0.655845 0.843581 0.84378 0.144173 0.141907
0.162347 0.154545 0.355079 0.850339 0.858025
0.162306 0.656644 0.145897 0.852169 0.356899
0.864872 0.350054 0.349192 0.155353 0.343074
0.644432 0.85425 0.847831 0.155681 0.143093
0.651238 0.839278 0.848669 0.143173 0.151298
0.161596 0.643326 0.153114 0.854811 0.347582
0.154192 0.144014 0.349893 0.838743 0.854123
0.851001 0.652404 0.849431 0.853714 0.149934
0.852276 0.349123 0.348821 0.152563 0.348294
0.648281 0.845707 0.846582 0.15285 0.13334
0.155475 0.645406 0.162319 0.849391 0.344955
0.145486 0.641446 0.855653 0.143434 0.663419
0.85703 0.641276 0.846856 0.851527 0.131661
0.853261 0.651909 0.840368 0.847987 0.148629
0.852635 0.661442 0.85059 0.861549 0.141292
0.14559 0.65707 0.848702 0.151615 0.649623
0.657143 0.846169 0.848067 0.143006 0.159701
0.852989 0.650882 0.851496 0.852372 0.157051
0.655511 0.838054 0.850418 0.15792 0.151384
0.155682 0.636549 0.8494 0.154899 0.651162
0.148907 0.647834 0.843276 0.1457 0.648715
0.150013 0.658038 0.841368 0.151453 0.635424
0.161593 0.652842 0.852737 0.158302 0.652245
0.147737 0.653187 0.855713 0.155065 0.649338
0.853533 0.351714 0.358794 0.14357 0.362867
0.852443 0.632812 0.839478 0.860254 0.150408
0.654777 0.857003 0.845787 0.145447 0.146777
0.865842 0.656166 0.844569 0.143772 0.643208
0.156703 0.649938 0.151764 0.849451 0.337706
0.647091 0.847135 0.842475 0.15884 0.146396
0.137689 0.156697 0.347822 0.854125 0.856706
0.149995 0.641918 0.84857 0.154523 0.650894
0.84502 0.650767 0.853435 0.143539 0.665683
0.150678 0.646479 0.848189 0.156536 0.65691
0.148266 0.157862 0.340366 0.84848 0.855004
0.835717 0.658509 0.839262 0.856713 0.153703
0.153448 0.643256 0.159282 0.846106 0.35003
0.853491 0.65212 0.865198 0.840189 0.150566
0.853503 0.640093 0.855457 0.147071 0.646513
0.162097 0.663709 0.150687 0.856041 0.355685
0.642596 0.847727 0.849756 0.140008 0.151987
0.844924 0.34589 0.354022 0.151881 0.362687
0.144927 0.146111 0.359518 0.856725 0.858896
0.849476 0.648467 0.853639 0.848713 0.149467
0.848286 0.654682 0.85394 0.849606 0.153642
0.857274 0.650457 0.855941 0.144604 0.652949
0.162974 0.645688 0.150664 0.847726 0.358184
0.145363 0.147951 0.353243 0.853811 0.841084
0.144742 0.654139 0.841787 0.151103 0.647451
0.838369 0.346186 0.350344 0.158133 0.356033
0.151576 0.161232 0.35846 0.844463 0.847744
0.840913 0.347583 0.357692 0.148791 0.34749
0.1514 0.646362 0.148551 0.857928 0.350982
0.860807 0.651186 0.841203 0.85607 0.152589
0.847707 0.35443 0.347994 0.138709 0.346151
0.844215 0.663744 0.853079 0.854429 0.151133
0.849274 0.340047 0.338815 0.153735 0.340188
0.859265 0.657403 0.849006 0.153247 0.644421
0.144254 0.155089 0.350273 0.852455 0.850301
0.642045 0.845398 0.857691 0.155103 0.145792
0.655867 0.843396 0.855032 0.159947 0.147211
0.148272 0.144405 0.346117 0.858552 0.84857
0.151313 0.153006 0.361019 0.844017 0.84922
0.841399 0.648666 0.850517 0.850285 0.153366
0.145319 0.153413 0.360373 0.853239 0.861332
0.147215 0.136878 0.345469 0.859692 0.848037
0.850317 0.649533 0.855157 0.846799 0.145066
0.147859 0.162198 0.347538 0.858071 0.844526
0.148452 0.664676 0.149502 0.859013 0.351609
0.143203 0.651249 0.143011 0.837045 0.355994
0.857 0.349731 0.353048 0.146294 0.343428
0.141529 0.646858 0.15345 0.847437 0.354018
0.648077 0.848378 0.867192 0.153956 0.142727
0.153939 0.146116 0.360446 0.846868 0.842713
0.659756 0.845513 0.855308 0.141016 0.148314
0.148303 0.662365 0.157375 0.846224 0.351312
0.640263 0.846138 0.853109 0.147194 0.150593
0.145804 0.147949 0.352069 0.849801 0.836649
0.860273 0.645779 0.85027 0.145646 0.638167
0.155123 0.653813 0.852515 0.156576 0.65216
0.854512 0.647809 0.841779 0.160696 0.648109
0.159045 0.140268 0.356748 0.848345 0.858599
0.837902 0.654336 0.849777 0.837141 0.160216
0.856592 0.650518 0.846257 0.853829 0.155628
0.145167 0.657201 0.147308 0.856778 0.341975
0.153022 0.15234 0.350434 0.84916 0.845674
0.853975 0.654136 0.856628 0.158944 0.652047
0.146327 0.64596 0.839975 0.144618 0.642985
0.131805 0.642931 0.856949 0.159357 0.648765
0.150117 0.646096 0.852309 0.149787 0.64057
0.855394 0.635064 0.841125 0.158056 0.661071
0.150375 0.157075 0.348556 0.838554 0.852885
0.151821 0.644451 0.857388 0.140571 0.647008
0.154947 0.645971 0.14494 0.862872 0.34522
0.164004 0.148378 0.343581 0.856473 0.860963
0.15016 0.644599 0.850701 0.146933 0.654708
0.150755 0.144935 0.348327 0.850702 0.844191
0.148695 0.14428 0.352311 0.849185 0.861114
0.158719 0.647188 0.145389 0.84961 0.357837
0.850347 0.354632 0.344868 0.164935 0.356143
0.151042 0.642669 0.151603 0.855798 0.341388
0.844582 0.644998 0.848459 0.848171 0.1543
0.145486 0.147958 0.349728 0.860025 0.8483
0.845307 0.352583 0.350086 0.161097 0.34569
0.84765 0.644934 0.868093 0.848051 0.13689
0.149917 0.655703 0.148385 0.836907 0.348537
0.64175 0.846996 0.856114 0.144051 0.15452
0.157296 0.152997 0.363094 0.844749 0.857581
0.861521 0.650596 0.849152 0.853886 0.142329
0.850731 0.650843 0.852506 0.146592 0.650383
0.136009 0.645585 0.144801 0.855292 0.344833
0.844319 0.35108 0.346533 0.151525 0.339278
0.155935 0.646555 0.841291 0.149554 0.655762
0.850849 0.648491 0.851664 0.843591 0.145194
0.856475 0.354041 0.347219 0.156008 0.3559
0.15048 0.137709 0.346695 0.861374 0.84926
0.155375 0.66259 0.852167 0.152253 0.651405
0.857597 0.644387 0.839464 0.851677 0.156767
0.850569 0.358652 0.34956 0.15633 0.350523
0.844504 0.661807 0.85176 0.150249 0.649886
0.148829 0.652666 0.153292 0.834103 0.352622
0.147766 0.152779 0.355356 0.85367 0.851209
0.148867 0.656722 0.153232 0.852547 0.331927
0.146589 0.663576 0.141582 0.847764 0.346791
0.850501 0.663583 0.844243 0.157961 0.64058
0.840835 0.655591 0.862412 0.836423 0.15004
0.154356 0.14435 0.340139 0.850377 0.859071
0.143673 0.147311 0.347136 0.85427 0.860566
0.862151 0.352108 0.333327 0.147629 0.350622
0.152753 0.652423 0.14557 0.845807 0.358173
0.849772 0.652206 0.852236 0.156495 0.649835
0.146255 0.638001 0.849216 0.146811 0.650444
0.152273 0.65983 0.153661 0.859584 0.355637
0.145119 0.151523 0.345886 0.852229 0.85456
0.661305 0.847189 0.864293 0.143518 0.154649
0.85078 0.643788 0.845884 0.841227 0.158255
0.846485 0.644339 0.848262 0.149832 0.641421
0.648538 0.840659 0.844228 0.148242 0.145299
0.833637 0.640944 0.854587 0.149967 0.649047
0.143753 0.147041 0.347517 0.843016 0.844971
0.840145 0.659388 0.845792 0.152464 0.657195
0.852383 0.339678 0.347763 0.150084 0.352945
0.147312 0.646966 0.149925 0.855451 0.353438
0.647078 0.838764 0.845255 0.154366 0.146312
0.843703 0.647485 0.84967 0.155677 0.659159
0.857693 0.64913 0.84655 0.853776 0.15335
0.852305 0.638512 0.854961 0.155843 0.654627
0.143978 0.662139 0.842933 0.139279 0.653331
0.856771 0.354458 0.353074 0.149792 0.347971
0.145209 0.646023 0.145092 0.844312 0.353025
0.161232 0.64667 0.858259 0.162159 0.656461
0.145896 0.14625 0.33791 0.858128 0.846189
0.156728 0.648376 0.846438 0.158871 0.659503
0.150752 0.642893 0.847067 0.147724 0.649424
0.84539 0.656689 0.839754 0.149422 0.646872
0.65326 0.848404 0.849597 0.149706 0.151418
0.641991 0.853699 0.855249 0.154619 0.153702
0.833701 0.363417 0.355594 0.143444 0.34895
0.860189 0.349348 0.343762 0.133319 0.358054
0.153005 0.14099 0.347749 0.844004 0.851736
0.655621 0.839652 0.848716 0.150944 0.15864
0.852055 0.649843 0.853327 0.843173 0.155139
0.156666 0.650533 0.836672 0.150971 0.642851
0.145599 0.14597 0.354858 0.848979 0.849631
0.153976 0.652504 0.146118 0.853862 0.345406
0.142944 0.149278 0.35611 0.843161 0.845253
0.151338 0.158697 0.344018 0.84072 0.847032
0.856618 0.346761 0.355826 0.148167 0.34792
0.843181 0.34191 0.351539 0.149958 0.350164
0.147978 0.648763 0.854228 0.149486 0.645159
0.150119 0.651702 0.854815 0.134291 0.645588
0.145519 0.66039 0.855727 0.150641 0.634988
0.653326 0.845223 0.842361 0.152374 0.161356
0.16012 0.65137 0.152066 0.843304 0.35551
0.85162 0.343401 0.349209 0.144705 0.361224
0.645573 0.844822 0.852598 0.14906 0.149734
0.145095 0.648713 0.147746 0.844181 0.355386
0.145298 0.650723 0.151318 0.855729 0.359275
0.850895 0.657099 0.858271 0.161787 0.649467
0.841652 0.657499 0.841843 0.158634 0.661249
0.848896 0.649096 0.851412 0.8662 0.139246
0.656643 0.847619 0.849785 0.146661 0.148922
0.142617 0.142512 0.33935 0.850038 0.844373
0.641344 0.846594 0.850726 0.150563 0.138965
0.841673 0.353027 0.34828 0.157558 0.359994
0.644762 0.847345 0.861358 0.149665 0.14487
0.855576 0.65303 0.84619 0.140755 0.65863
0.849196 0.350492 0.345963 0.152726 0.34886
0.852662 0.660564 0.850849 0.853018 0.144718
0.841188 0.35791 0.360884 0.132641 0.359094
0.856621 0.651947 0.852607 0.156051 0.647331
0.847656 0.337414 0.353047 0.15812 0.352069
0.141875 0.149075 0.349036 0.854218 0.863002
0.844784 0.349656 0.356681 0.152646 0.351355
0.649714 0.862701 0.8436 0.155493 0.145657
0.838298 0.349507 0.348606 0.146376 0.342482
0.152273 0.659053 0.151958 0.845972 0.349567
0.660008 0.834831 0.845796 0.157768 0.137621
0.852838 0.653722 0.847658 0.146935 0.648929
0.83874 0.647491 0.840085 0.150092 0.661974
0.855316 0.650719 0.855111 0.844506 0.159099
0.148736 0.649904 0.848907 0.145628 0.65902
0.158483 0.655105 0.142605 0.852745 0.345324
0.161002 0.64103 0.846324 0.151504 0.656659
0.148653 0.657689 0.841959 0.151538 0.655867
0.651851 0.843962 0.855482 0.141116 0.143771
0.847119 0.349378 0.348148 0.156291 0.347404
0.148979 0.144725 0.34369 0.83915 0.848995
0.133364 0.641656 0.149711 0.848083 0.35883
0.164601 0.649961 0.855375 0.143521 0.658494
0.143956 0.647412 0.83915 0.143296 0.65014
0.858578 0.65186 0.844055 0.144584 0.655459
0.852187 0.651743 0.84491 0.151628 0.659884
0.860088 0.344721 0.348822 0.163485 0.349451
0.845216 0.650865 0.848626 0.852046 0.154602
0.85461 0.643655 0.843033 0.136496 0.638922
0.854477 0.652549 0.846236 0.852726 0.146041
0.854151 0.66017 0.850428 0.146609 0.656595
0.147988 0.149688 0.350112 0.853377 0.846042
0.149337 0.638213 0.855052 0.149324 0.637188
0.155481 0.646071 0.160663 0.851898 0.350232
0.849897 0.653427 0.851912 0.843969 0.143348
0.849636 0.351224 0.344542 0.147237 0.346733
0.840988 0.649341 0.848003 0.145112 0.654548
0.855781 0.355802 0.348532 0.151197 0.33755
0.843956 0.658027 0.841387 0.853767 0.147199
0.850532 0.353928 0.34679 0.150174 0.356324
0.852216 0.648144 0.849399 0.862644 0.130481
0.852837 0.642877 0.849601 0.852611 0.151836
0.851751 0.644534 0.849048 0.844877 0.149023
0.652767 0.844878 0.857264 0.156419 0.15476
0.85189 0.349183 0.349612 0.146822 0.357052
0.142854 0.655397 0.153028 0.843043 0.349196
0.854603 0.345989 0.343116 0.160755 0.35506
0.148829 0.643093 0.848599 0.158508 0.654873
0.157278 0.640236 0.856232 0.144258 0.657647
0.851878 0.644956 0.853543 0.8547 0.145977
0.842191 0.357053 0.346112 0.144934 0.358814
0.859967 0.349367 0.357532 0.157746 0.342448
0.154093 0.648603 0.850092 0.147987 0.644953
0.154896 0.147471 0.353556 0.859517 0.858696
0.668446 0.860879 0.855353 0.159581 0.147013
0.839529 0.340989 0.354822 0.147284 0.336351
0.851215 0.649128 0.857165 0.140236 0.664363
0.8552 0.650344 0.851443 0.140748 0.648332
0.652051 0.857152 0.855241 0.162877 0.149934
0.154428 0.15117 0.352405 0.846053 0.846696
0.856392 0.643269 0.854629 0.159769 0.646844
0.851682 0.651318 0.866274 0.851399 0.141695
0.147072 0.660319 0.853204 0.142626 0.655169
0.653891 0.848838 0.840157 0.158012 0.146006
0.852651 0.353346 0.351024 0.141063 0.352238
0.850286 0.647179 0.842901 0.857532 0.158615
0.840706 0.6449 0.84442 0.152328 0.662811
0.153245 0.656257 0.849549 0.144057 0.658088
0.84324 0.654503 0.838497 0.834639 0.153479
0.847491 0.654303 0.856779 0.143979 0.657266
0.854577 0.648761 0.858192 0.847018 0.151723
0.644214 0.843993 0.832618 0.150289 0.14966
0.839876 0.648317 0.856749 0.855119 0.149753
0.849247 0.362282 0.356099 0.153629 0.365029
0.149526 0.642659 0.856907 0.14731 0.655865
0.150819 0.649031 0.150083 0.847724 0.3473
0.151317 0.153863 0.360069 0.851003 0.85925
0.645252 0.861303 0.845233 0.150651 0.137149
0.840912 0.346239 0.347822 0.145683 0.344971
0.149923 0.642875 0.858723 0.151471 0.661643
0.852028 0.330165 0.34017 0.153711 0.351797
0.652498 0.842932 0.838376 0.147187 0.148489
0.848612 0.650517 0.854355 0.165493 0.649338
0.156987 0.664439 0.156505 0.849733 0.342522
0.144516 0.658745 0.84943 0.153065 0.658589
0.147848 0.658658 0.146814 0.866285 0.35428
0.163672 0.645695 0.851687 0.15056 0.649768
0.151103 0.657625 0.148107 0.854767 0.347619
0.843327 0.343876 0.345344 0.14506 0.342941
0.147167 0.155537 0.352837 0.843942 0.85587
0.656411 0.84449 0.853428 0.141209 0.143251
0.150803 0.655768 0.837586 0.148355 0.635998
0.653046 0.841426 0.842864 0.141688 0.150198
0.853471 0.646011 0.840701 0.146116 0.655805
0.643469 0.854977 0.850257 0.156138 0.135582
0.156036 0.654677 0.139372 0.848406 0.345559
0.841385 0.651605 0.838209 0.846129 0.157862
0.140603 0.145895 0.361274 0.853097 0.847565
0.849811 0.342878 0.357221 0.147253 0.35536
0.852352 0.650205 0.846817 0.846868 0.155434
0.84434 0.654945 0.843932 0.852276 0.144847
0.839905 0.659994 0.842905 0.147722 0.654089
0.838633 0.653216 0.857418 0.142927 0.652119
0.65217 0.853203 0.847876 0.153504 0.148143
0.849515 0.65333 0.860123 0.162813 0.656826
0.157211 0.146757 0.345314 0.858188 0.844563
0.147683 0.645118 0.146407 0.845941 0.357468
0.153822 0.163634 0.351087 0.864888 0.850444
0.150903 0.659059 0.851051 0.149383 0.649674
0.148755 0.661225 0.862298 0.134059 0.645059
0.849821 0.640052 0.850249 0.842862 0.154625
0.853011 0.656678 0.853406 0.852104 0.144454
0.648399 0.845489 0.831623 0.147654 0.144365
0.153002 0.158296 0.350452 0.846852 0.85258
0.150183 0.655002 0.843881 0.144862 0.651627
0.854893 0.657994 0.847046 0.138668 0.65696
0.157522 0.655005 0.153724 0.859441 0.343187
0.151553 0.145737 0.357339 0.84267 0.849365
0.150561 0.654575 0.155109 0.846446 0.349578
0.155247 0.652072 0.851879 0.144885 0.651204
0.658238 0.851039 0.848631 0.156632 0.151596
0.649106 0.849262 0.846099 0.145023 0.151042
0.147333 0.651835 0.84836 0.15403 0.658062
0.151475 0.162264 0.350521 0.85151 0.859652
0.858923 0.637465 0.843014 0.146568 0.642313
0.85107 0.352862 0.351382 0.146328 0.353407
0.841202 0.6476 0.854517 0.85112 0.138698
0.145907 0.65194 0.849826 0.15385 0.637936
0.83605 0.357718 0.352892 0.151055 0.353471
0.144335 0.151822 0.35089 0.85495 0.833451
0.637269 0.849852 0.850031 0.139735 0.152058
0.845378 0.355284 0.355103 0.148406 0.349467
0.144642 0.651462 0.851556 0.160107 0.652772
0.1505 0.640299 0.853183 0.154852 0.654414
0.843438 0.645559 0.845483 0.153467 0.649823
0.143864 0.655506 0.151528 0.853008 0.35579
0.83965 0.65258 0.855747 0.143401 0.658228
0.147257 0.142537 0.34643 0.839769 0.857876
0.843518 0.342436 0.350945 0.151148 0.352976
0.151656 0.645229 0.134702 0.8515 0.343198
0.157467 0.662665 0.153879 0.847277 0.350083
0.158415 0.657099 0.150743 0.850065 0.348501
0.855706 0.640265 0.855481 0.142002 0.63969
0.151399 0.643452 0.149655 0.852263 0.351561
0.850796 0.353733 0.345854 0.151333 0.343998
0.136037 0.151579 0.340423 0.845075 0.846119
0.846387 0.660528 0.84544 0.855876 0.153942
0.144527 0.641554 0.85023 0.153844 0.650728
0.648985 0.852826 0.86345 0.149383 0.148329
0.643701 0.857697 0.851035 0.153713 0.134019
0.856602 0.646463 0.850887 0.146166 0.658506
0.140687 0.150532 0.34793 0.85845 0.841432
0.160614 0.147026 0.355209 0.851152 0.847876
0.649441 0.85573 0.855013 0.141647 0.147739
0.150128 0.648233 0.154118 0.850202 0.351192
0.860104 0.648628 0.84956 0.155101 0.647978
0.839426 0.637271 0.860119 0.161021 0.656861
0.854085 0.347107 0.355932 0.144482 0.360911
0.161457 0.648505 0.856277 0.15674 0.655568
0.64814 0.858109 0.851832 0.14744 0.151144
0.849518 0.651271 0.852902 0.860689 0.142392
0.851496 0.351849 0.342558 0.149035 0.354214
0.146604 0.646231 0.14676 0.849785 0.335472
0.145122 0.151527 0.344995 0.839672 0.861322
0.150624 0.64313 0.153076 0.851293 0.343157
0.150187 0.648305 0.165739 0.857812 0.353534
0.653756 0.844784 0.853745 0.158664 0.158304
0.137899 0.646437 0.158267 0.858648 0.356836
0.142824 0.656244 0.846887 0.147401 0.646119
0.151561 0.657206 0.848158 0.15166 0.661288
0.14703 0.644993 0.852673 0.158772 0.64194
0.154298 0.653304 0.852111 0.144918 0.649538
0.853758 0.641385 0.846169 0.150831 0.659582
0.151797 0.140141 0.354284 0.850453 0.849789
0.147314 0.644705 0.148281 0.838287 0.364255
0.842325 0.658045 0.855734 0.14809 0.649953
0.861647 0.354864 0.340689 0.144532 0.348738
0.152096 0.648812 0.84798 0.149655 0.641641
0.64645 0.857521 0.860038 0.144724 0.153148
0.148679 0.646779 0.846431 0.147147 0.661431
0.143761 0.15226 0.339993 0.847927 0.860889
0.851761 0.656501 0.854398 0.847077 0.148455
0.846443 0.344875 0.346473 0.148234 0.352945
0.847836 0.358391 0.350898 0.138625 0.340276
0.843505 0.650526 0.848388 0.852217 0.151783
0.843631 0.648443 0.853567 0.857776 0.144319
0.653757 0.842525 0.839607 0.148663 0.155803
0.84566 0.657716 0.840365 0.149463 0.661064
0.6387 0.850723 0.84696 0.146327 0.14534
0.843618 0.662036 0.8611 0.853745 0.152078
0.851563 0.351859 0.352871 0.152061 0.36304
0.657387 0.849202 0.843428 0.153423 0.151427
0.840294 0.657754 0.845392 0.152356 0.654147
0.147039 0.652038 0.14716 0.839344 0.346865
0.850984 0.65721 0.855157 0.150717 0.658964
0.644491 0.845352 0.847169 0.151143 0.14656
0.849675 0.653 0.856565 0.862584 0.151031
0.161696 0.15465 0.349767 0.858412 0.843878
0.850062 0.647519 0.851869 0.848837 0.156344
0.158124 0.151799 0.358197 0.858625 0.848162
0.663548 0.855461 0.85141 0.144372 0.154844
0.142351 0.656081 0.149064 0.843561 0.35988
0.162133 0.648323 0.144581 0.844989 0.352555
0.142008 0.646595 0.849222 0.155613 0.648184
0.140936 0.654963 0.142716 0.85105 0.35081
0.660441 0.860492 0.847251 0.150595 0.144443
0.15382 0.637729 0.157375 0.852694 0.354246
0.639642 0.843053 0.856087 0.148314 0.161894
0.154193 0.651153 0.143299 0.850472 0.348178
0.150526 0.669166 0.863669 0.152585 0.650463
0.847025 0.652123 0.852822 0.848829 0.151605
0.134647 0.636444 0.147492 0.847525 0.355095
0.153068 0.150885 0.350616 0.842779 0.861626
0.140136 0.646936 0.151947 0.841594 0.351665
0.855824 0.653549 0.847597 0.855665 0.159745
0.861997 0.341792 0.34596 0.142585 0.352504
0.847137 0.349058 0.347919 0.160843 0.353161
0.843217 0.359938 0.344185 0.148434 0.355479
0.851221 0.644826 0.846796 0.852942 0.137864
0.150517 0.152291 0.348841 0.844498 0.845848
0.852049 0.644676 0.855827 0.858111 0.146509
0.644391 0.861529 0.850085 0.153572 0.147964
0.148947 0.65968 0.846132 0.165168 0.64866
0.849054 0.356023 0.348847 0.147766 0.348126
0.66609 0.849558 0.851653 0.151818 0.146701
0.146621 0.648091 0.150267 0.849018 0.355247
0.851929 0.344017 0.353909 0.139864 0.35593
0.647462 0.845768 0.836333 0.159045 0.153779
0.145937 0.144148 0.340051 0.852031 0.852486
0.14038 0.645634 0.849857 0.144607 0.652386
0.14367 0.658927 0.848434 0.141246 0.659978
0.851126 0.366248 0.347536 0.147361 0.344583
0.849476 0.636193 0.840925 0.850735 0.14853
0.838587 0.643702 0.848797 0.15587 0.658497
0.853967 0.658987 0.845699 0.151694 0.655734
0.84677 0.652112 0.85465 0.15027 0.654475
0.146709 0.150829 0.350982 0.854314 0.843498
0.641236 0.844389 0.851855 0.157625 0.163278
0.150683 0.653295 0.840735 0.157739 0.655018
0.138462 0.656874 0.845693 0.154182 0.660918
0.836603 0.65124 0.855339 0.15491 0.652164
0.855246 0.642896 0.848853 0.153373 0.656886
0.848017 0.652062 0.850834 0.157408 0.649921
0.131088 0.1456 0.342011 0.84105 0.84296
0.857121 0.646962 0.841269 0.844272 0.151385
0.846588 0.649113 0.84431 0.842971 0.149316
0.851307 0.361106 0.350179 0.138529 0.352545
0.146151 0.651743 0.850754 0.150352 0.655839
0.648034 0.868591 0.838736 0.156494 0.144126
0.852726 0.657225 0.841803 0.849525 0.144779
0.65486 0.850066 0.845173 0.151542 0.136893
0.850982 0.646261 0.851679 0.159609 0.649471
0.854468 0.657729 0.849791 0.850463 0.147817
0.644194 0.854085 0.840913 0.150766 0.154295
0.155118 0.648333 0.842701 0.138804 0.648429
0.84904 0.655165 0.835751 0.159297 0.649954
0.840608 0.650057 0.838345 0.845388 0.142473
0.651706 0.859423 0.852478 0.150338 0.15683
0.85701 0.656118 0.836701 0.168009 0.646778
0.144922 0.15719 0.358062 0.848588 0.849317
0.652944 0.849176 0.839555 0.151884 0.144617
0.851036 0.354981 0.346724 0.149654 0.35189
0.851165 0.651942 0.850337 0.846633 0.147466
0.855117 0.658577 0.847166 0.841009 0.152648
0.651613 0.847018 0.852006 0.14998 0.148115
0.156517 0.137329 0.349581 0.838313 0.842772
0.652156 0.853518 0.852143 0.147678 0.152669
0.658323 0.85998 0.853846 0.152307 0.143295
0.156834 0.148092 0.352803 0.840888 0.857984
0.645657 0.856902 0.855342 0.154374 0.158071
0.864192 0.341065 0.346793 0.146547 0.352366
0.141007 0.641669 0.146568 0.841695 0.352552
0.845337 0.644328 0.850238 0.859181 0.155501
0.147105 0.65413 0.151955 0.848279 0.357539
0.151401 0.151484 0.34457 0.850015 0.860551
0.840104 0.6549 0.844994 0.148204 0.655221
0.141669 0.158229 0.352117 0.842003 0.847514
0.15937 0.642545 0.836409 0.153727 0.656934
0.839278 0.346838 0.346642 0.154098 0.352131
0.838725 0.648858 0.847965 0.149505 0.667977
0.154162 0.659706 0.859258 0.151356 0.659871
0.161801 0.146632 0.347695 0.84387 0.84314
0.653271 0.848869 0.850157 0.143971 0.146725
0.643515 0.854928 0.863392 0.166918 0.158374
0.157802 0.644393 0.844157 0.1625 0.653803
0.64598 0.847544 0.851923 0.144969 0.148919
0.647034 0.846595 0.843738 0.151091 0.15915
0.137732 0.158226 0.351288 0.851166 0.851373
0.851841 0.342649 0.360542 0.13532 0.353583
0.850959 0.346608 0.360224 0.151857 0.350832
0.650819 0.843082 0.86282 0.149383 0.147745
0.152094 0.144868 0.367702 0.844522 0.850574
0.151278 0.646604 0.834476 0.147419 0.646243
0.852457 0.349818 0.360924 0.136783 0.357822
0.853541 0.362408 0.340075 0.138539 0.348568
0.847826 0.351903 0.342607 0.14914 0.346015
0.1497 0.655888 0.140973 0.844419 0.353389
0.858443 0.649329 0.835259 0.134882 0.651357
0.158342 0.649346 0.835684 0.146212 0.647078
0.162063 0.658593 0.158514 0.850202 0.347665
0.144449 0.159397 0.344553 0.862788 0.857583
0.147975 0.649193 0.150462 0.847602 0.346157
0.641153 0.848555 0.855164 0.14202 0.153191
0.84944 0.644945 0.854527 0.852802 0.157116
0.15574 0.148088 0.333311 0.851753 0.857935
